0                         2.145268416786886
0.005                     2.1458081222687175
0.01                      2.1474276421171044
0.015                     2.150128186723212
0.02                      2.1539117745498757
0.025                     2.1587812338053953
0.03                      2.1647402048052906
0.035                     2.1717931430127835
0.04                      2.1799453227603993
0.045                     2.1892028416559732
0.05                      2.1995726256766917
0.055                     2.211062434955975
0.06                      2.223680870267931
0.065                     2.2374373802152268
0.07                      2.252342269126666
0.075                     2.2684067056711816
0.08                      2.2856427321961403
0.085                     2.304063274797692
0.09                      2.3236821541323818
0.095                     2.3445140969791742
0.1                       2.3665747485622144
0.105                     2.389880685645002
0.11                      2.414449430407518
0.115                     2.4402994651181755
0.12                      2.4674502476139577
0.125                     2.495922227601899
0.13                      2.5257368637962387
0.135                     2.5569166419063714
0.14                      2.5894850934913847
0.145                     2.623466815697392
0.15                      2.6588874918955265
0.155                     2.695773913238188
0.16                      2.734154001152557
0.165                     2.774056830791283
0.17                      2.8155126554607808
0.17500000000000002       2.8585529320488012
0.18                      2.903210347473086
0.185                     2.949518846174716
0.19                      2.997513658680464
0.195                     3.0472313312588453
0.2                       3.098709756696017
0.20500000000000002       3.1519882062187605
0.21                      3.2071073625926956
0.215                     3.2641093544243
0.22                      3.323037791697401
0.225                     3.3839378025752516
0.23                      3.4468560715007768
0.23500000000000001       3.5118408786282336
0.24                      3.578942140620933
0.245                     3.6482114528515024
0.25                      3.7197021330414777
0.255                     3.793469266378642
0.26                      3.8695697521520884
0.265                     3.948062351946122
0.27                      4.029007739435559
0.275                     4.112468551826092
0.28                      4.198509442985494
0.28500000000000003       4.287197138312498
0.29                      4.378600491391515
0.295                     4.472790542483917
0.3                       4.569840578907115
0.305                     4.669826197354566
0.31                      4.772825368212595
0.315                     4.878918501930344
0.32                      4.988188517501965
0.325                     5.100720913121283
0.33                      5.216603839072142
0.335                     5.335928172918815
0.34                      5.458787597062437
0.34500000000000003       5.5852786787330775
0.35000000000000003       5.715500952488081
0.355                     5.849557005290334
0.36                      5.987552564241181
0.365                     6.129596587045826
0.37                      6.2758013552932965
0.375                     6.4262825706318925
0.38                      6.5811594539260945
0.385                     6.740554847483627
0.39                      6.904595320443535
0.395                     7.073411277418715
0.4                       7.247137070489259
0.405                     7.4259111146474535
0.41000000000000003       7.609876006796768
0.41500000000000004       7.79917864841013
0.42                      7.993970371957378
0.425                     8.194407071215299
0.43                      8.40064933557547
0.435                     8.612862588469838
0.44                      8.831217230038064
0.445                     9.055888784164196
0.45                      9.287058050013325
0.455                     9.524911258203925
0.46                      9.76964023175526
0.465                     10.021442551954067
0.47000000000000003       10.280521729288827
0.47500000000000003       10.547087379604209
0.48                      10.821355405633636
0.485                     11.103548184073281
0.49                      11.393894758362793
0.495                     11.69263103734763
0.5                       12
