0                         2.145268416786886
0.002                     2.145354765136283
0.004                     2.1456138205464037
0.006                     2.146045613983014
0.008                     2.146650197075909
0.01                      2.1474276421171044
0.012                     2.148378042070224
0.014                     2.1495015105828164
0.016                     2.1507981820015307
0.018000000000000002      2.1522682113900657
0.02                      2.1539117745498757
0.022                     2.155729068043676
0.024                     2.157720309221689
0.026000000000000002      2.1598857362506907
0.028                     2.1622256081458406
0.03                      2.1647402048052906
0.032                     2.167429827047602
0.034                     2.1702947966519353
0.036000000000000004      2.1733354564010465
0.038                     2.1765521701271244
0.04                      2.1799453227603993
0.042                     2.183515320380611
0.044                     2.1872625902712466
0.046                     2.1911875809766994
0.048                     2.195290762362211
0.05                      2.1995726256766917
0.052000000000000005      2.2040336836183703
0.054                     2.2086744704033743
0.056                     2.213495541837131
0.058                     2.218497475388687
0.06                      2.223680870267931
0.062                     2.2290463475057214
0.064                     2.2345945500369466
0.066                     2.2403261427864876
0.068                     2.246241812758176
0.07                      2.252342269126666
0.07200000000000001       2.2586282433322977
0.074                     2.265100489178957
0.076                     2.2717597829349416
0.078                     2.2786069234367803
0.08                      2.2856427321961403
0.082                     2.292868053509757
0.084                     2.300283754572413
0.08600000000000001       2.307890725593025
0.088                     2.3156898799137786
0.09                      2.3236821541323818
0.092                     2.3318685082274357
0.094                     2.340249925686992
0.096                     2.3488274136402105
0.098                     2.3576020029922304
0.1                       2.3665747485622144
0.10200000000000001       2.3757467292246273
0.10400000000000001       2.3851190480537663
0.106                     2.3946928324714856
0.108                     2.404469234398265
0.11                      2.414449430407518
0.112                     2.424634621883284
0.114                     2.435026035181208
0.116                     2.4456249217929162
0.11800000000000001       2.456432558513757
0.12                      2.4674502476139577
0.122                     2.4786793170132437
0.124                     2.490121120458872
0.126                     2.501777037707164
0.128                     2.513648474708567
0.13                      2.5257368637962387
0.132                     2.538043663878185
0.134                     2.550570360633004
0.136                     2.5633184667092364
0.138                     2.576289521928347
0.14                      2.5894850934913847
0.14200000000000002       2.602906776189376
0.14400000000000002       2.61655619261742
0.146                     2.6304349933925426
0.148                     2.6445448573753554
0.15                      2.6588874918955265
0.152                     2.6734646329811116
0.154                     2.6882780455917885
0.156                     2.703329523855947
0.158                     2.7186208913118213
0.16                      2.734154001152557
0.162                     2.7499307364753003
0.164                     2.765953010534354
0.166                     2.7822227669984136
0.168                     2.798741980211958
0.17                      2.8155126554607808
0.17200000000000001       2.832536829241726
0.17400000000000002       2.849816569536671
0.176                     2.8673539760907554
0.178                     2.885151180694967
0.18                      2.903210347473086
0.182                     2.9215336731729873
0.184                     2.940123387462424
0.186                     2.9589817532292737
0.188                     2.9781110668862976
0.19                      2.997513658680464
0.192                     3.0171918930068964
0.194                     3.037148168727463
0.196                     3.057384919494063
0.198                     3.0779046140766377
0.2                       3.098709756696017
0.202                     3.119802887361577
0.20400000000000001       3.141186582213778
0.20600000000000002       3.162863453871621
0.20800000000000002       3.184836151785102
0.21                      3.2071073625926956
0.212                     3.2296798104839
0.214                     3.2525562575669555
0.216                     3.2757395042416824
0.218                     3.299232389577614
0.22                      3.323037791697401
0.222                     3.3471586281655243
0.224                     3.371597856382455
0.226                     3.396358473984255
0.228                     3.42144351924767
0.23                      3.4468560715007768
0.232                     3.4725992515393056
0.234                     3.4986762220485774
0.23600000000000002       3.525090188031237
0.23800000000000002       3.5518443972407785
0.24                      3.578942140620933
0.242                     3.606386752750954
0.244                     3.6341816122969455
0.246                     3.662330142469186
0.248                     3.690835811485618
0.25                      3.7197021330414777
0.252                     3.748932666785185
0.254                     3.7785310188005754
0.256                     3.8085008420954924
0.258                     3.838845837096827
0.26                      3.8695697521520884
0.262                     3.900676384037587
0.264                     3.9321695784732604
0.266                     3.9640532306442138
0.268                     3.9963312857291404
0.27                      4.029007739435559
0.272                     4.062086638542027
0.274                     4.095572081447426
0.276                     4.12946821872737
0.278                     4.1637792536977205
0.28                      4.198509442985494
0.28200000000000003       4.2336630971070415
0.28400000000000003       4.269244581053671
0.28600000000000003       4.305258314884837
0.28800000000000003       4.341708774328883
0.29                      4.378600491391515
0.292                     4.415938054972049
0.294                     4.45372611148746
0.296                     4.491969365504453
0.298                     4.530672580379516
0.3                       4.569840578907115
0.302                     4.609478243976182
0.304                     4.649590519234809
0.306                     4.690182409763444
0.308                     4.73125898275649
0.31                      4.772825368212595
0.312                     4.814886759633671
0.314                     4.857448414732572
0.316                     4.900515656149773
0.318                     4.944093872178985
0.32                      4.988188517501965
0.322                     5.032805113932476
0.324                     5.077949251169507
0.326                     5.1236265875600315
0.328                     5.169842850871177
0.33                      5.216603839072142
0.332                     5.263915421125761
0.334                     5.311783537789955
0.336                     5.3602142024291615
0.338                     5.409213501835887
0.34                      5.458787597062437
0.342                     5.508942724262948
0.34400000000000003       5.559685195545876
0.34600000000000003       5.611021399837078
0.34800000000000003       5.662957803753564
0.35000000000000003       5.715500952488081
0.352                     5.768657470704523
0.354                     5.822434063444544
0.356                     5.876837517045328
0.358                     5.931874700068618
0.36                      5.987552564241181
0.362                     6.043878145406981
0.364                     6.100858564491105
0.366                     6.158501028475331
0.368                     6.216812831385888
0.37                      6.2758013552932965
0.372                     6.335474071324472
0.374                     6.395838540687243
0.376                     6.4569024157074795
0.378                     6.51867344087898
0.38                      6.5811594539260945
0.382                     6.644368386879492
0.384                     6.708308267165073
0.386                     6.7729872187061755
0.388                     6.838413463039316
0.39                      6.904595320443535
0.392                     6.971541211083505
0.394                     7.039259656166715
0.396                     7.107759279114715
0.398                     7.177048806748625
0.4                       7.247137070489259
0.402                     7.318033007571762
0.404                     7.389745662275079
0.406                     7.462284187166441
0.40800000000000003       7.535657844360987
0.41000000000000003       7.609876006796768
0.41200000000000003       7.684948159525198
0.41400000000000003       7.760883901017293
0.41600000000000004       7.8376929444858305
0.418                     7.915385119223479
0.42                      7.993970371957378
0.422                     8.073458768220002
0.424                     8.153860493736811
0.426                     8.235185855830736
0.428                     8.317445284843703
0.43                      8.40064933557547
0.432                     8.48480868873982
0.434                     8.569934152438682
0.436                     8.656036663653861
0.438                     8.743127289757025
0.44                      8.831217230038064
0.442                     8.920317817251856
0.444                     9.010440519183902
0.446                     9.10159694023477
0.448                     9.193798823023998
0.45                      9.287058050013325
0.452                     9.381386645149435
0.454                     9.476796775526898
0.456                     9.573300753071054
0.458                     9.670911036241343
0.46                      9.76964023175526
0.462                     9.869501096333192
0.464                     9.970506538464388
0.466                     10.072669620194315
0.468                     10.176003558933594
0.47000000000000003       10.280521729288827
0.47200000000000003       10.386237664915775
0.47400000000000003       10.4931650603946
0.47600000000000003       10.601317773128118
0.47800000000000004       10.710709825262903
0.48                      10.821355405633636
0.482                     10.933268871730911
0.484                     11.046464751692868
0.486                     11.160957746320952
0.488                     11.276762731119927
0.49                      11.393894758362793
0.492                     11.512369059180454
0.494                     11.632201045676647
0.496                     11.753406313068536
0.498                     11.876000641853151
0.5                       12
