0                         2.145268416786886
0.001                     2.1452900037054694
0.002                     2.145354765136283
0.003                     2.1454627030079565
0.004                     2.1456138205464037
0.005                     2.1458081222687175
0.006                     2.146045613983014
0.007                     2.1463263027885406
0.008                     2.146650197075909
0.009000000000000001      2.1470173065273643
0.01                      2.1474276421171044
0.011                     2.1478812161116445
0.012                     2.148378042070224
0.013000000000000001      2.1489181348452515
0.014                     2.1495015105828164
0.015                     2.150128186723212
0.016                     2.1507981820015307
0.017                     2.1515115164482816
0.018000000000000002      2.1522682113900657
0.019                     2.1530682894502764
0.02                      2.1539117745498757
0.021                     2.154798691908173
0.022                     2.155729068043676
0.023                     2.15670293077498
0.024                     2.157720309221689
0.025                     2.1587812338053953
0.026000000000000002      2.1598857362506907
0.027                     2.161033849586232
0.028                     2.1622256081458406
0.029                     2.163461047569647
0.03                      2.1647402048052906
0.031                     2.166063118109144
0.032                     2.167429827047602
0.033                     2.1688403724983885
0.034                     2.1702947966519353
0.035                     2.1717931430127835
0.036000000000000004      2.1733354564010465
0.037                     2.1749217829539007
0.038                     2.1765521701271244
0.039                     2.178226666696691
0.04                      2.1799453227603993
0.041                     2.1817081897395383
0.042                     2.183515320380611
0.043000000000000003      2.1853667687570915
0.044                     2.1872625902712466
0.045                     2.1892028416559732
0.046                     2.1911875809766994
0.047                     2.193216867633327
0.048                     2.195290762362211
0.049                     2.197409327238199
0.05                      2.1995726256766917
0.051000000000000004      2.2017807224357737
0.052000000000000005      2.2040336836183703
0.053                     2.206331576674473
0.054                     2.2086744704033743
0.055                     2.211062434955975
0.056                     2.213495541837131
0.057                     2.215973863908041
0.058                     2.218497475388687
0.059000000000000004      2.221066451860307
0.06                      2.223680870267931
0.061                     2.226340808922946
0.062                     2.2290463475057214
0.063                     2.2317975670682686
0.064                     2.2345945500369466
0.065                     2.2374373802152268
0.066                     2.2403261427864876
0.067                     2.2432609243168717
0.068                     2.246241812758176
0.069                     2.2492688974507833
0.07                      2.252342269126666
0.07100000000000001       2.2554620199124087
0.07200000000000001       2.2586282433322977
0.073                     2.261841034311442
0.074                     2.265100489178957
0.075                     2.2684067056711816
0.076                     2.2717597829349416
0.077                     2.2751598215308717
0.078                     2.2786069234367803
0.079                     2.2821011920510585
0.08                      2.2856427321961403
0.081                     2.289231650122011
0.082                     2.292868053509757
0.083                     2.2965520514751727
0.084                     2.300283754572413
0.085                     2.304063274797692
0.08600000000000001       2.307890725593025
0.08700000000000001       2.311766221850032
0.088                     2.3156898799137786
0.089                     2.3196618175866677
0.09                      2.3236821541323818
0.091                     2.3277510102798797
0.092                     2.3318685082274357
0.093                     2.3360347716467316
0.094                     2.340249925686992
0.095                     2.3445140969791742
0.096                     2.3488274136402105
0.097                     2.353190005277297
0.098                     2.3576020029922304
0.099                     2.362063539385798
0.1                       2.3665747485622144
0.101                     2.3711357661336208
0.10200000000000001       2.3757467292246273
0.10300000000000001       2.380407776476891
0.10400000000000001       2.3851190480537663
0.105                     2.389880685645002
0.106                     2.3946928324714856
0.107                     2.3995556332900403
0.108                     2.404469234398265
0.109                     2.4094337836394475
0.11                      2.414449430407518
0.111                     2.419516325652042
0.112                     2.424634621883284
0.113                     2.429804473177324
0.114                     2.435026035181208
0.115                     2.4402994651181755
0.116                     2.4456249217929162
0.117                     2.451002565596902
0.11800000000000001       2.456432558513757
0.11900000000000001       2.461915064124684
0.12                      2.4674502476139577
0.121                     2.473038275774455
0.122                     2.4786793170132437
0.123                     2.4843735413572343
0.124                     2.490121120458872
0.125                     2.495922227601899
0.126                     2.501777037707164
0.127                     2.5076857273384836
0.128                     2.513648474708567
0.129                     2.519665459684993
0.13                      2.5257368637962387
0.131                     2.531862870237769
0.132                     2.538043663878185
0.133                     2.5442794312654198
0.134                     2.550570360633004
0.135                     2.5569166419063714
0.136                     2.5633184667092364
0.137                     2.5697760283700233
0.138                     2.576289521928347
0.139                     2.582859144141566
0.14                      2.5894850934913847
0.14100000000000001       2.5961675701905107
0.14200000000000002       2.602906776189376
0.14300000000000002       2.6097029151829196
0.14400000000000002       2.61655619261742
0.145                     2.623466815697392
0.146                     2.6304349933925426
0.147                     2.6374609364447954
0.148                     2.6445448573753554
0.149                     2.6516869704918515
0.15                      2.6588874918955265
0.151                     2.666146639488507
0.152                     2.6734646329811116
0.153                     2.6808416938992368
0.154                     2.6882780455917885
0.155                     2.695773913238188
0.156                     2.703329523855947
0.157                     2.7109451063082837
0.158                     2.7186208913118213
0.159                     2.7263571114443317
0.16                      2.734154001152557
0.161                     2.7420117967600874
0.162                     2.7499307364753003
0.163                     2.757911060399375
0.164                     2.765953010534354
0.165                     2.774056830791283
0.166                     2.7822227669984136
0.167                     2.7904510669094655
0.168                     2.798741980211958
0.169                     2.8070957585356076
0.17                      2.8155126554607808
0.171                     2.8239929265270396
0.17200000000000001       2.832536829241726
0.17300000000000001       2.841144623088619
0.17400000000000002       2.849816569536671
0.17500000000000002       2.8585529320488012
0.176                     2.8673539760907554
0.177                     2.876219969140051
0.178                     2.885151180694967
0.179                     2.894147882283616
0.18                      2.903210347473086
0.181                     2.912338851878636
0.182                     2.9215336731729873
0.183                     2.930795091095667
0.184                     2.940123387462424
0.185                     2.949518846174716
0.186                     2.9589817532292737
0.187                     2.968512396727725
0.188                     2.9781110668862976
0.189                     2.9877780560456015
0.19                      2.997513658680464
0.191                     3.0073181714098602
0.192                     3.0171918930068964
0.193                     3.0271351244088804
0.194                     3.037148168727463
0.195                     3.0472313312588453
0.196                     3.057384919494063
0.197                     3.0676092431293642
0.198                     3.0779046140766377
0.199                     3.0882713464739253
0.2                       3.098709756696017
0.201                     3.1092201633651166
0.202                     3.119802887361577
0.203                     3.130458251834732
0.20400000000000001       3.141186582213778
0.20500000000000002       3.1519882062187605
0.20600000000000002       3.162863453871621
0.20700000000000002       3.1738126575073298
0.20800000000000002       3.184836151785102
0.209                     3.195934273699677
0.21                      3.2071073625926956
0.211                     3.2183557601641466
0.212                     3.2296798104839
0.213                     3.2410798600033224
0.214                     3.2525562575669555
0.215                     3.2641093544243
0.216                     3.2757395042416824
0.217                     3.287447063114169
0.218                     3.299232389577614
0.219                     3.311095844620756
0.22                      3.323037791697401
0.221                     3.3350585967387016
0.222                     3.3471586281655243
0.223                     3.3593382569008776
0.224                     3.371597856382455
0.225                     3.3839378025752516
0.226                     3.396358473984255
0.227                     3.408860251667249
0.228                     3.42144351924767
0.229                     3.434108662927593
0.23                      3.4468560715007768
0.231                     3.4596861363658027
0.232                     3.4725992515393056
0.233                     3.485595813669299
0.234                     3.4986762220485774
0.23500000000000001       3.5118408786282336
0.23600000000000002       3.525090188031237
0.23700000000000002       3.5384245575661244
0.23800000000000002       3.5518443972407785
0.23900000000000002       3.565350119776295
0.24                      3.578942140620933
0.241                     3.592620877964194
0.242                     3.606386752750954
0.243                     3.6202401886957163
0.244                     3.6341816122969455
0.245                     3.6482114528515024
0.246                     3.662330142469186
0.247                     3.676538116087345
0.248                     3.690835811485618
0.249                     3.7052236693007403
0.25                      3.7197021330414777
0.251                     3.7342716491036345
0.252                     3.748932666785185
0.253                     3.7636856383014807
0.254                     3.7785310188005754
0.255                     3.793469266378642
0.256                     3.8085008420954924
0.257                     3.8236262099902016
0.258                     3.838845837096827
0.259                     3.854160193460246
0.26                      3.8695697521520884
0.261                     3.885074989286757
0.262                     3.900676384037587
0.263                     3.9163744186530822
0.264                     3.9321695784732604
0.265                     3.948062351946122
0.266                     3.9640532306442138
0.267                     3.9801427092813
0.268                     3.9963312857291404
0.269                     4.012619461034383
0.27                      4.029007739435559
0.271                     4.045496628380193
0.272                     4.062086638542027
0.273                     4.078778283838347
0.274                     4.095572081447426
0.275                     4.112468551826092
0.276                     4.12946821872737
0.277                     4.146571609218275
0.278                     4.1637792536977205
0.279                     4.181091685914517
0.28                      4.198509442985494
0.281                     4.216033065413761
0.28200000000000003       4.2336630971070415
0.28300000000000003       4.251400085396165
0.28400000000000003       4.269244581053671
0.28500000000000003       4.287197138312498
0.28600000000000003       4.305258314884837
0.28700000000000003       4.323428671981076
0.28800000000000003       4.341708774328883
0.289                     4.3600991901923845
0.29                      4.378600491391515
0.291                     4.397213253321424
0.292                     4.415938054972049
0.293                     4.43477547894782
0.294                     4.45372611148746
0.295                     4.472790542483917
0.296                     4.491969365504453
0.297                     4.511263177810802
0.298                     4.530672580379516
0.299                     4.550198177922401
0.3                       4.569840578907115
0.301                     4.5896003955778495
0.302                     4.609478243976182
0.303                     4.629474743962039
0.304                     4.649590519234809
0.305                     4.669826197354566
0.306                     4.690182409763444
0.307                     4.710659791807124
0.308                     4.73125898275649
0.309                     4.751980625829395
0.31                      4.772825368212595
0.311                     4.793793861083759
0.312                     4.814886759633671
0.313                     4.836104723088562
0.314                     4.857448414732572
0.315                     4.878918501930344
0.316                     4.900515656149773
0.317                     4.92224055298491
0.318                     4.944093872178985
0.319                     4.966076297647581
0.32                      4.988188517501965
0.321                     5.010431224072542
0.322                     5.032805113932476
0.323                     5.055310887921431
0.324                     5.077949251169507
0.325                     5.100720913121283
0.326                     5.1236265875600315
0.327                     5.146666992632042
0.328                     5.169842850871177
0.329                     5.1931548892235115
0.33                      5.216603839072142
0.331                     5.24019043626216
0.332                     5.263915421125761
0.333                     5.287779538507553
0.334                     5.311783537789955
0.335                     5.335928172918815
0.336                     5.3602142024291615
0.337                     5.384642389471096
0.338                     5.409213501835887
0.339                     5.4339283119821875
0.34                      5.458787597062437
0.341                     5.483792138949409
0.342                     5.508942724262948
0.343                     5.534240144396837
0.34400000000000003       5.559685195545876
0.34500000000000003       5.5852786787330775
0.34600000000000003       5.611021399837078
0.34700000000000003       5.636914169619671
0.34800000000000003       5.662957803753564
0.34900000000000003       5.689153122850252
0.35000000000000003       5.715500952488081
0.35100000000000003       5.742002123240513
0.352                     5.768657470704523
0.353                     5.795467835529208
0.354                     5.822434063444544
0.355                     5.849557005290334
0.356                     5.876837517045328
0.357                     5.904276459856518
0.358                     5.931874700068618
0.359                     5.959633109253732
0.36                      5.987552564241181
0.361                     6.015633947147573
0.362                     6.043878145406981
0.363                     6.07228605180136
0.364                     6.100858564491105
0.365                     6.129596587045826
0.366                     6.158501028475331
0.367                     6.187572803260751
0.368                     6.216812831385888
0.369                     6.246222038368758
0.37                      6.2758013552932965
0.371                     6.305551718841288
0.372                     6.335474071324472
0.373                     6.365569360716864
0.374                     6.395838540687243
0.375                     6.4262825706318925
0.376                     6.4569024157074795
0.377                     6.487699046864181
0.378                     6.51867344087898
0.379                     6.549826580389172
0.38                      6.5811594539260945
0.381                     6.612673055949066
0.382                     6.644368386879492
0.383                     6.676246453135223
0.384                     6.708308267165073
0.385                     6.740554847483627
0.386                     6.7729872187061755
0.387                     6.805606411583906
0.388                     6.838413463039316
0.389                     6.871409416201811
0.39                      6.904595320443535
0.391                     6.937972231415429
0.392                     6.971541211083505
0.393                     7.005303327765323
0.394                     7.039259656166715
0.395                     7.073411277418715
0.396                     7.107759279114715
0.397                     7.14230475534785
0.398                     7.177048806748625
0.399                     7.2119925405227665
0.4                       7.247137070489259
0.401                     7.282483517118689
0.402                     7.318033007571762
0.403                     7.353786675738058
0.404                     7.389745662275079
0.405                     7.4259111146474535
0.406                     7.462284187166441
0.40700000000000003       7.498866041029644
0.40800000000000003       7.535657844360987
0.40900000000000003       7.572660772250894
0.41000000000000003       7.609876006796768
0.41100000000000003       7.647304737143652
0.41200000000000003       7.684948159525198
0.41300000000000003       7.722807477304854
0.41400000000000003       7.760883901017293
0.41500000000000004       7.79917864841013
0.41600000000000004       7.8376929444858305
0.417                     7.876428021543921
0.418                     7.915385119223479
0.419                     7.954565484545799
0.42                      7.993970371957378
0.421                     8.033601043373158
0.422                     8.073458768220002
0.423                     8.113544823480469
0.424                     8.153860493736811
0.425                     8.194407071215299
0.426                     8.235185855830736
0.427                     8.276198155231313
0.428                     8.317445284843703
0.429                     8.358928567918424
0.43                      8.40064933557547
0.431                     8.442608926850255
0.432                     8.48480868873982
0.433                     8.5272499762493
0.434                     8.569934152438682
0.435                     8.612862588469838
0.436                     8.656036663653861
0.437                     8.699457765498696
0.438                     8.743127289757025
0.439                     8.787046640474474
0.44                      8.831217230038064
0.441                     8.875640479225025
0.442                     8.920317817251856
0.443                     8.965250681823678
0.444                     9.010440519183902
0.445                     9.055888784164196
0.446                     9.10159694023477
0.447                     9.147566459554941
0.448                     9.193798823023998
0.449                     9.240295520332428
0.45                      9.287058050013325
0.451                     9.334087919494275
0.452                     9.381386645149435
0.453                     9.428955752351992
0.454                     9.476796775526898
0.455                     9.524911258203925
0.456                     9.573300753071054
0.457                     9.621966822028229
0.458                     9.670911036241343
0.459                     9.720134976196604
0.46                      9.76964023175526
0.461                     9.81942840220857
0.462                     9.869501096333192
0.463                     9.919859932446853
0.464                     9.970506538464388
0.465                     10.021442551954067
0.466                     10.072669620194315
0.467                     10.124189400230764
0.468                     10.176003558933594
0.46900000000000003       10.22811377305531
0.47000000000000003       10.280521729288827
0.47100000000000003       10.333229124325873
0.47200000000000003       10.386237664915775
0.47300000000000003       10.439549067924585
0.47400000000000003       10.4931650603946
0.47500000000000003       10.547087379604209
0.47600000000000003       10.601317773128118
0.47700000000000004       10.65585799889788
0.47800000000000004       10.710709825262903
0.47900000000000004       10.765875031051715
0.48                      10.821355405633636
0.481                     10.877152748980878
0.482                     10.933268871730911
0.483                     10.989705595249298
0.484                     11.046464751692868
0.485                     11.103548184073281
0.486                     11.160957746320952
0.487                     11.21869530334939
0.488                     11.276762731119927
0.489                     11.335161916706832
0.49                      11.393894758362793
0.491                     11.452963165584803
0.492                     11.512369059180454
0.493                     11.572114371334644
0.494                     11.632201045676647
0.495                     11.69263103734763
0.496                     11.753406313068536
0.497                     11.814528851208422
0.498                     11.876000641853151
0.499                     11.93782368687456
0.5                       12
