0                         1.3773662094242707E-16
0.005                     1.31778881783948E-16
0.01                      1.6264101762968433E-16
0.015                     2.30323028479636E-16
0.02                      3.3482491433380316E-16
0.025                     4.398135508938801E-16
0.03                      7.495242825155139E-16
0.035                     1.2639571091987057E-15
0.04                      1.983112030943455E-15
0.045                     2.7548104394256724E-15
0.05                      5.005080160519379E-15
0.055                     8.733921194224568E-15
0.06                      1.3941333540541263E-14
0.065                     1.968670040416545E-14
0.07                      3.651787932767226E-14
0.075                     6.44348703110616E-14
0.08                      1.0343767335433375E-13
0.085                     1.4727630300547583E-13
0.09                      2.7521386229597957E-13
0.095                     4.872503512258459E-13
0.1                       7.833857697950753E-13
0.105                     1.1215146430500846E-12
0.11                      2.097737069326676E-12
0.115                     3.71205304862485E-12
0.12                      5.964462580944612E-12
0.125                     8.57501772427788E-12
0.13                      1.59906982066403E-11
0.135                     2.8211504028031885E-11
0.14                      4.523743518845262E-11
0.145                     6.52686154207541E-11
0.15                      1.2099227230990467E-10
0.155                     2.1240840585590438E-10
0.16                      3.3951701605875316E-10
0.165                     4.91379761390099E-10
0.17                      9.03287342358097E-10
0.17500000000000002       1.575239758962747E-9
0.18                      2.507237011204043E-9
0.185                     3.638599846652929E-9
0.19                      6.617654198676442E-9
0.195                     1.1444400067274583E-8
0.2                       1.8118837452447323E-8
0.20500000000000002       2.6355335427400372E-8
0.21                      4.7315116763365886E-8
0.215                     8.099818146034409E-8
0.22                      1.2740452951833475E-7
0.225                     1.8564426058123407E-7
0.23                      3.281836442750065E-7
0.23500000000000001       5.55022680599652E-7
0.24                      8.661613695551672E-7
0.245                     1.2633174692730199E-6
0.25                      2.1932811505644745E-6
0.255                     3.6560524134295292E-6
0.26                      5.651631257868186E-6
0.265                     8.241521904393832E-6
0.27                      1.4010101220141008E-5
0.275                     2.2957369205109692E-5
0.28                      3.508332585929989E-5
0.28500000000000003       5.106553034114528E-5
0.29                      8.47131447711937E-5
0.295                     1.3602616914944573E-4
0.3                       2.0500460347590112E-4
0.305                     2.971192169068341E-4
0.31                      4.791690883639201E-4
0.315                     7.511542178471581E-4
0.32                      0.0011130746053565484
0.325                     0.0016007686945004682
0.33                      0.0024990647229278136
0.335                     0.0038079626906385774
0.34                      0.005527462597632761
0.34500000000000003       0.007850302177973107
0.35000000000000003       0.011809893429668107
0.355                     0.017406236352717673
0.36                      0.024639330947121934
0.365                     0.034341574126644535
0.37                      0.049560331573831856
0.375                     0.07029560328868381
0.38                      0.09654738927120043
0.385                     0.13108336821314848
0.39                      0.1808008276267928
0.395                     0.24569976751213313
0.4                       0.3257801878691695
0.405                     0.4277627799394229
0.41000000000000003       0.5627718013095298
0.41500000000000004       0.7308072519794897
0.42                      0.9318691319493004
0.425                     1.177152757150628
0.43                      1.477686298405862
0.435                     1.8334697557150015
0.44                      2.2445031290780473
0.445                     2.7220078462358357
0.45                      3.268306810212912
0.455                     3.8834000210092734
0.46                      4.567287478624921
0.465                     5.322434468619634
0.47000000000000003       6.136531621506024
0.47500000000000003       7.009578937284092
0.48                      7.941576415953829
0.485                     8.920385617634036
0.49                      9.923059282201798
0.495                     10.94959740965712
0.5                       12
