0                         2.889237046245598E-17
0.005                     3.109875963046761E-17
0.01                      3.905493946518814E-17
0.015                     5.4231524901063276E-17
0.02                      8.11453608936562E-17
0.025                     1.2602955396722816E-16
0.03                      2.0204121926504768E-16
0.035                     3.2807153696788644E-16
0.04                      5.415096075541411E-16
0.045                     8.977653579294705E-16
0.05                      1.503941385828419E-15
0.055                     2.522019614333763E-15
0.06                      4.26111172200381E-15
0.065                     7.195004227228123E-15
0.07                      1.2220095815114202E-14
0.075                     2.0722938739400466E-14
0.08                      3.5309737073166394E-14
0.085                     6.003768991811859E-14
0.09                      1.0249119068466895E-13
0.095                     1.7453070311497103E-13
0.1                       2.9821958320173334E-13
0.105                     5.081687507749038E-13
0.11                      8.684676163720019E-13
0.115                     1.4798610960676439E-12
0.12                      2.5280646899311766E-12
0.125                     4.305361575562444E-12
0.13                      7.348134861426101E-12
0.135                     1.2500947840092355E-11
0.14                      2.1306580449657163E-11
0.145                     3.619379268258714E-11
0.15                      6.15780767813733E-11
0.155                     1.0440537404685986E-10
0.16                      1.772401260319115E-10
0.165                     2.9982156524757407E-10
0.17                      5.076661514850984E-10
0.17500000000000002       8.564698648886318E-10
0.18                      1.4458778709058856E-9
0.185                     2.431785015228309E-9
0.19                      4.09140744740663E-9
0.195                     6.857205912368794E-9
0.2                       1.1493164171969448E-8
0.20500000000000002       1.9187042248374017E-8
0.21                      3.2022306003841406E-8
0.215                     5.3225214975516924E-8
0.22                      8.841165148171828E-8
0.225                     1.4623797116630993E-7
0.23                      2.416467017090437E-7
0.23500000000000001       3.9754972552853423E-7
0.24                      6.531387875232569E-7
0.245                     1.0681506074846143E-6
0.25                      1.7437562146008533E-6
0.255                     2.833125564291299E-6
0.26                      4.592862238718416E-6
0.265                     7.408512155886232E-6
0.27                      1.1918317203848505E-5
0.275                     1.9073054770176884E-5
0.28                      3.0426187337717445E-5
0.28500000000000003       4.8269695486190985E-5
0.29                      7.629487813309726E-5
0.295                     1.198892392942576E-4
0.3                       1.8759302555286668E-4
0.305                     2.917201460893385E-4
0.31                      4.514523959354269E-4
0.315                     6.940720019290641E-4
0.32                      0.0010612659600072838
0.325                     0.0016114223788039003
0.33                      0.0024318794381493793
0.335                     0.0036428749493727587
0.34                      0.0054200878690197655
0.34500000000000003       0.008000739195906215
0.35000000000000003       0.01172256247923296
0.355                     0.017031812962400677
0.36                      0.024545922313167292
0.365                     0.03506112620645624
0.37                      0.049644919228404916
0.375                     0.06963700425465913
0.38                      0.09677222897757354
0.385                     0.13316261493565537
0.39                      0.1814404047777544
0.395                     0.24470277384869482
0.4                       0.3266492478939062
0.405                     0.4314684156578938
0.41000000000000003       0.5639296268265596
0.41500000000000004       0.729197981383657
0.42                      0.932835202947896
0.425                     1.1805486401197198
0.43                      1.4780675828764849
0.435                     1.8308610804151237
0.44                      2.2438844237846762
0.445                     2.7213291305942304
0.45                      3.2662722216402944
0.455                     3.880536275556913
0.46                      4.564308387466521
0.465                     5.316178729928074
0.47000000000000003       6.132813816968521
0.47500000000000003       7.009207207912762
0.48                      7.938485348873001
0.485                     8.912352350423975
0.49                      9.921076646010421
0.495                     10.954058426023717
0.5                       12
