0                         1.7384046765813892E-17
0.005                     1.8898746744198456E-17
0.01                      2.3837731731168533E-17
0.015                     3.349921307119249E-17
0.02                      5.045936956102472E-17
0.025                     7.932033127385259E-17
0.03                      1.2805623289951046E-16
0.035                     2.1036301989882327E-16
0.04                      3.4972238271314026E-16
0.045                     5.864116817264675E-16
0.05                      9.895892431581253E-16
0.055                     1.6781317924274788E-15
0.06                      2.8565695692852954E-15
0.065                     4.877066685816628E-15
0.07                      8.346326507854077E-15
0.075                     1.4309966009292624E-14
0.08                      2.4570424286191412E-14
0.085                     4.223492589732583E-14
0.09                      7.265953631441222E-14
0.095                     1.250746764937445E-13
0.1                       2.1538206660219077E-13
0.105                     3.7096344403085305E-13
0.11                      6.389405930188545E-13
0.115                     1.1003494311003469E-12
0.12                      1.8944354281983257E-12
0.125                     3.2602469835414256E-12
0.13                      5.6077483896165986E-12
0.135                     9.639229155372206E-12
0.14                      1.6556264331356227E-11
0.145                     2.84119281690404E-11
0.15                      4.8709151245446066E-11
0.155                     8.341533190276122E-11
0.16                      1.42679344651389E-10
0.165                     2.437310537285144E-10
0.17                      4.1576674240858384E-10
0.17500000000000002       7.081610937324394E-10
0.18                      1.2042361511304254E-9
0.185                     2.0442863583078847E-9
0.19                      3.463974104889684E-9
0.195                     5.858167064456896E-9
0.2                       9.88674441366189E-9
0.20500000000000002       1.6649386462820258E-8
0.21                      2.7973321071511456E-8
0.215                     4.6885290639239585E-8
0.22                      7.83826934535737E-8
0.225                     1.306884152541176E-7
0.23                      2.1728397808679764E-7
0.23500000000000001       3.6018885279244317E-7
0.24                      5.952244822231628E-7
0.245                     9.804216290070505E-7
0.25                      1.6093766123408823E-6
0.255                     2.6323503587632433E-6
0.26                      4.2894010944083325E-6
0.265                     6.962087556492312E-6
0.27                      1.1253615958153554E-5
0.275                     1.8112206141847047E-5
0.28                      2.9019570449294485E-5
0.28500000000000003       4.627660157724256E-5
0.29                      7.343278351336887E-5
0.295                     1.1592589644278368E-4
0.3                       1.8202600351403328E-4
0.305                     2.8421445369705375E-4
0.31                      4.4117678904301966E-4
0.315                     6.806499197201098E-4
0.32                      0.0010434400099560612
0.325                     0.001589018148134911
0.33                      0.002403203671631065
0.335                     0.0036085539985363396
0.34                      0.005378183928633113
0.34500000000000003       0.007953819008391873
0.35000000000000003       0.011668921420346137
0.355                     0.01697767973310393
0.36                      0.02449048588871833
0.365                     0.035016191163713704
0.37                      0.049610898206555114
0.375                     0.06963228243860488
0.38                      0.09679744215598575
0.385                     0.1332410895552697
0.39                      0.18156960022436713
0.395                     0.24490517500287154
0.4                       0.3269133219335408
0.405                     0.43180625343787965
0.41000000000000003       0.5643148303506418
0.41500000000000004       0.7296225457906487
0.42                      0.933256823595982
0.425                     1.1809355907153862
0.43                      1.4783705252112473
0.435                     1.831032312628892
0.44                      2.2438872998751074
0.445                     2.7211187012996523
0.45                      3.265848568800017
0.455                     3.8798787160808748
0.46                      4.56346940652431
0.465                     5.31517371542298
0.47000000000000003       6.131743034941428
0.47500000000000003       7.00811532620967
0.48                      7.937492690568292
0.485                     8.91150899964812
0.49                      9.920482156725855
0.495                     10.95373955775055
0.5                       12
