0                         2.0711411380600524E-17
0.01                      2.836806653966243E-17
0.02                      5.990525593199874E-17
0.03                      1.5160287436137488E-16
0.04                      4.127497153580423E-16
0.05                      1.1639686812108081E-15
0.06                      3.3474657634417602E-15
0.07                      9.741208619472698E-15
0.08                      2.855211992714523E-14
0.09                      8.404095141612471E-14
0.1                       2.478839786789162E-13
0.11                      7.314972479847247E-13
0.12                      2.1568706041536747E-12
0.13                      6.347621703018369E-12
0.14                      1.8627649460706008E-11
0.15                      5.446088003462495E-11
0.16                      1.5850045994689555E-10
0.17                      4.5882249954647237E-10
0.18                      1.3200098903912639E-9
0.19                      3.771135257575356E-9
0.2                       1.0689612950638342E-8
0.21                      3.003740994165886E-8
0.22                      8.359256925454642E-8
0.23                      2.3016823974009066E-7
0.24                      6.263726237558738E-7
0.25                      1.6827970111752296E-6
0.26                      4.457636466673626E-6
0.27                      1.1627061996647149E-5
0.28                      2.9819356584012494E-5
0.29                      7.507726132494409E-5
0.3                       1.8525287739949088E-4
0.31                      4.471738579157837E-4
0.32                      0.0010538908321096534
0.33                      0.002420042525741165
0.34                      0.0054027320413105664
0.35000000000000003       0.011700071829604374
0.36                      0.024521960667781926
0.37                      0.04962855599246457
0.38                      0.09677902123967015
0.39                      0.18149012750929316
0.4                       0.32675789213992257
0.41000000000000003       0.5640954781926304
0.42                      0.9330238868350175
0.43                      1.4782069001211509
0.44                      2.2438809778675117
0.45                      3.266052295128619
0.46                      4.563866943940806
0.47000000000000003       6.1322413741938755
0.48                      7.93794826282814
0.49                      9.920752666908895
0.5                       12
