0                         2.0711411380600524E-17
0.05                      1.1639686812108081E-15
0.1                       2.478839786789162E-13
0.15000000000000002       5.446088003462511E-11
0.2                       1.0689612950638342E-8
0.25                      1.6827970111752296E-6
0.30000000000000004       1.8525287739949177E-4
0.35000000000000003       0.011700071829604374
0.4                       0.32675789213992257
0.45                      3.266052295128619
0.5                       12
