0                         2.0711411380600524E-17
0.02                      5.990525593199874E-17
0.04                      4.127497153580423E-16
0.06                      3.3474657634417602E-15
0.08                      2.855211992714523E-14
0.1                       2.478839786789162E-13
0.12                      2.1568706041536747E-12
0.14                      1.8627649460706008E-11
0.16                      1.5850045994689555E-10
0.18                      1.3200098903912639E-9
0.2                       1.0689612950638342E-8
0.22                      8.359256925454642E-8
0.24                      6.263726237558738E-7
0.26                      4.457636466673626E-6
0.28                      2.9819356584012494E-5
0.3                       1.8525287739949088E-4
0.32                      0.0010538908321096534
0.34                      0.0054027320413105664
0.36                      0.024521960667781926
0.38                      0.09677902123967015
0.4                       0.32675789213992257
0.42                      0.9330238868350175
0.44                      2.2438809778675117
0.46                      4.563866943940806
0.48                      7.93794826282814
0.5                       12
