0                         2.0711411380600524E-17
0.002                     2.0993970594797496E-17
0.004                     2.1853171359103755E-17
0.006                     2.332396317597761E-17
0.008                     2.5466349220473084E-17
0.01                      2.836806653966243E-17
0.012                     3.214852514155316E-17
0.014                     3.696418047647594E-17
0.016                     4.301558956689423E-17
0.018000000000000002      5.055648006111434E-17
0.02                      5.990525593199874E-17
0.022                     7.145947802936033E-17
0.024                     8.571399766826309E-17
0.026000000000000002      1.0328359353568785E-16
0.028                     1.2493117458769458E-16
0.03                      1.5160287436137488E-16
0.032                     1.8447168770078412E-16
0.034                     2.249917047302214E-16
0.036000000000000004      2.749654981436059E-16
0.038                     3.36627842265702E-16
0.04                      4.127497153580423E-16
0.042                     5.067674968839727E-16
0.044                     6.229434643447535E-16
0.046                     7.665651762545852E-16
0.048                     9.441931688564894E-16
0.05                      1.1639686812108081E-15
0.052000000000000005      1.4359959641955828E-15
0.054                     1.772817257630305E-15
0.056                     2.190002902308722E-15
0.058                     2.706884496329094E-15
0.06                      3.3474657634417602E-15
0.062                     4.1415541923384745E-15
0.064                     5.126166923171761E-15
0.066                     6.347277288734733E-15
0.068                     7.86198446711944E-15
0.07                      9.741208619472698E-15
0.07200000000000001       1.2073038599008206E-14
0.074                     1.4966889975794317E-14
0.076                     1.8558669150533352E-14
0.078                     2.301718649361409E-14
0.08                      2.855211992714523E-14
0.082                     3.542390287073198E-14
0.084                     4.395600034168127E-14
0.08600000000000001       5.4550148375720045E-14
0.088                     6.770526993403754E-14
0.09                      8.404095141612471E-14
0.092                     1.0432657563011441E-13
0.094                     1.295174692532582E-13
0.096                     1.6079974739229327E-13
0.098                     1.99645939583714E-13
0.1                       2.478839786789162E-13
0.10200000000000001       3.0778274903164726E-13
0.10400000000000001       3.821581510016717E-13
0.106                     4.745045792501769E-13
0.108                     5.891578748560145E-13
0.11                      7.314972479847247E-13
0.112                     9.081954428491773E-13
0.114                     1.1275286090464641E-12
0.116                     1.399760050372623E-12
0.11800000000000001       1.73761536372526E-12
0.12                      2.1568706041536747E-12
0.122                     2.6770801988856797E-12
0.124                     3.3224776062778105E-12
0.126                     4.1230894492312584E-12
0.128                     5.11611338349023E-12
0.13                      6.347621703018369E-12
0.132                     7.874667145085567E-12
0.134                     9.767885159817764E-12
0.136                     1.2114708816889671E-11
0.138                     1.5023339472513624E-11
0.14                      1.8627649460706008E-11
0.14200000000000002       2.3093233809746382E-11
0.14400000000000002       2.8624878038598993E-11
0.146                     3.547577056425598E-11
0.148                     4.395886372413786E-11
0.15                      5.446088003462495E-11
0.152                     6.745957391148296E-11
0.154                     8.354499836340153E-11
0.156                     1.0344569686246814E-10
0.158                     1.280609496783375E-10
0.16                      1.5850045994689555E-10
0.162                     1.9613317799560794E-10
0.164                     2.426473455848196E-10
0.166                     3.001243100970003E-10
0.168                     3.711292309750229E-10
0.17                      4.5882249954647237E-10
0.17200000000000001       5.670965462966329E-10
0.17400000000000002       7.00743750058813E-10
0.176                     8.656624319574182E-10
0.178                     1.0691094623058782E-9
0.18                      1.3200098903912639E-9
0.182                     1.629336296975403E-9
0.184                     2.010573354194284E-9
0.186                     2.4802864621511294E-9
0.188                     3.058817442339902E-9
0.19                      3.771135257575356E-9
0.192                     4.6478757800047986E-9
0.194                     5.726611964069475E-9
0.196                     7.053404665737891E-9
0.198                     8.684695102202036E-9
0.2                       1.0689612950638342E-8
0.202                     1.3152789799915126E-8
0.20400000000000001       1.617778664539175E-8
0.20600000000000002       1.9891267012357703E-8
0.20800000000000002       2.444807489476216E-8
0.21                      3.003740994165886E-8
0.212                     3.689033233386964E-8
0.214                     4.528887790122609E-8
0.216                     5.557712182261956E-8
0.218                     6.81745986115075E-8
0.22                      8.359256925454642E-8
0.222                     1.0245372599025064E-7
0.224                     1.2551604442334198E-7
0.226                     1.537016351735827E-7
0.228                     1.8813161742675722E-7
0.23                      2.3016823974009066E-7
0.232                     2.814657153126104E-7
0.234                     3.440315267769246E-7
0.23600000000000002       4.203002977432001E-7
0.23800000000000002       5.132227345902112E-7
0.24                      6.263726237558738E-7
0.242                     7.64075440327823E-7
0.244                     9.315627985480312E-7
0.246                     1.1351577718965757E-6
0.248                     1.3824970505370157E-6
0.25                      1.6827970111752296E-6
0.252                     2.0471720765925233E-6
0.254                     2.4890152712432706E-6
0.256                     3.024452672070768E-6
0.258                     3.672885552126954E-6
0.26                      4.457636466673626E-6
0.262                     5.406718391825294E-6
0.264                     6.553749356461672E-6
0.266                     7.939038879207953E-6
0.268                     9.610877012779662E-6
0.27                      1.1627061996647149E-5
0.272                     1.4056708525023281E-5
0.274                     1.698238556110688E-5
0.276                     2.0502640592781E-5
0.278                     2.47349763646028E-5
0.28                      2.9819356584012494E-5
0.28200000000000003       3.592232904763239E-5
0.28400000000000003       4.3241868241072925E-5
0.28600000000000003       5.201305492057848E-5
0.28800000000000003       6.251472768718833E-5
0.29                      7.507726132494409E-5
0.292                     9.009164891424551E-5
0.294                     1.0802008967641472E-4
0.296                     1.2940831238545208E-4
0.298                     1.548998952256532E-4
0.3                       1.8525287739949088E-4
0.302                     2.2135899580437367E-4
0.304                     2.6426592188141405E-4
0.306                     3.1520291944194104E-4
0.308                     3.756103939993867E-4
0.31                      4.471738579157837E-4
0.312                     5.318628934763212E-4
0.314                     6.31975757699166E-4
0.316                     7.501903380210385E-4
0.318                     8.896222365818547E-4
0.32                      0.0010538908321096534
0.322                     0.0012471942416341947
0.324                     0.0014743941784697517
0.326                     0.0017411117768934815
0.328                     0.002053835526219266
0.33                      0.002420042525741165
0.332                     0.0028483343351824062
0.334                     0.0033485887503772504
0.336                     0.003932128878115202
0.338                     0.004611910914204169
0.34                      0.0054027320413105664
0.342                     0.006321459854109677
0.34400000000000003       0.007387284684507013
0.34600000000000003       0.008621996134672719
0.34800000000000003       0.0100502850256585
0.35000000000000003       0.011700071829604374
0.352                     0.013602862469139967
0.354                     0.015794132133805785
0.356                     0.018313737475695164
0.358                     0.021206357201041533
0.36                      0.024521960667781926
0.362                     0.028316303628743076
0.364                     0.032651449724648354
0.366                     0.03759631573062649
0.368                     0.04322723789591921
0.37                      0.04962855599246457
0.372                     0.05689321090949184
0.374                     0.0651233508059454
0.376                     0.07443093997060357
0.378                     0.08493836365378839
0.38                      0.09677902123967015
0.382                     0.11009789924188297
0.384                     0.12505211474722142
0.386                     0.14181141912435302
0.388                     0.16055865108008882
0.39                      0.18149012750929316
0.392                     0.2048159600710334
0.394                     0.23076028505800011
0.396                     0.25956139393268535
0.398                     0.2914717519047864
0.4                       0.32675789213992257
0.402                     0.3657001736368716
0.404                     0.4085923915022202
0.406                     0.45574122929589694
0.40800000000000003       0.5074655443218317
0.41000000000000003       0.5640954781926304
0.41200000000000003       0.6259713866976098
0.41400000000000003       0.6934425849357505
0.41600000000000004       0.7668659058193367
0.418                     0.8466040723848803
0.42                      0.9330238868350175
0.422                     1.0264942418432743
0.424                     1.1273839623444795
0.426                     1.236059488764889
0.428                     1.3528824153742114
0.43                      1.4782069001211509
0.432                     1.6123769648991841
0.434                     1.7557237076349472
0.436                     1.9085624498535976
0.438                     2.0711898454125706
0.44                      2.2438809778675117
0.442                     2.4268864754068407
0.444                     2.6204296734325196
0.446                     2.824703855647211
0.448                     3.039869604910136
0.45                      3.266052295128619
0.452                     3.5033397550486898
0.454                     3.7517801339909194
0.456                     4.0113799983472544
0.458                     4.282102686018314
0.46                      4.563866943940806
0.462                     4.856545871450128
0.464                     5.1599661894689115
0.466                     5.4739078524373666
0.468                     5.79810401654191
0.47000000000000003       6.1322413741938755
0.47200000000000003       6.475960860905018
0.47400000000000003       6.828858736747479
0.47600000000000003       7.1904880405261045
0.47800000000000004       7.560360410680241
0.48                      7.93794826282814
0.482                     8.322687309823404
0.484                     8.713979406264778
0.486                     9.111195695643408
0.488                     9.51368003477585
0.49                      9.920752666908895
0.492                     10.331714111937126
0.494                     10.745849239590372
0.496                     11.162431489261813
0.498                     11.580727198389374
0.5                       12
