0                         2.0711411380600524E-17
0.005                     2.2508980950101825E-17
0.01                      2.836806653966243E-17
0.015                     3.9820925765973695E-17
0.02                      5.990525593199874E-17
0.025                     9.404057503349613E-17
0.03                      1.5160287436137488E-16
0.035                     2.4866844460339065E-16
0.04                      4.127497153580423E-16
0.045                     6.909466850200285E-16
0.05                      1.1639686812108081E-15
0.055                     1.9702541769707623E-15
0.06                      3.3474657634417602E-15
0.065                     5.703880701777001E-15
0.07                      9.741208619472698E-15
0.075                     1.6665844052698515E-14
0.08                      2.855211992714523E-14
0.085                     4.896666359371388E-14
0.09                      8.404095141612471E-14
0.095                     1.443126011389964E-13
0.1                       2.478839786789162E-13
0.105                     4.2583587363120357E-13
0.11                      7.314972479847247E-13
0.115                     1.2563006869469837E-12
0.12                      2.1568706041536747E-12
0.125                     3.70124314490864E-12
0.13                      6.347621703018369E-12
0.135                     1.0878372875771752E-11
0.14                      1.8627649460706008E-11
0.145                     3.18674093237813E-11
0.15                      5.446088003462495E-11
0.155                     9.296665994996647E-11
0.16                      1.5850045994689555E-10
0.165                     2.6986768925807045E-10
0.17                      4.5882249954647237E-10
0.17500000000000002       7.788757645669921E-10
0.18                      1.3200098903912639E-9
0.185                     2.23319668430324E-9
0.19                      3.771135257575356E-9
0.195                     6.355741781744717E-9
0.2                       1.0689612950638342E-8
0.20500000000000002       1.7939515605837184E-8
0.21                      3.003740994165886E-8
0.215                     5.017251064157832E-8
0.22                      8.359256925454642E-8
0.225                     1.3890347998816587E-7
0.23                      2.3016823974009066E-7
0.23500000000000001       3.8028187655635357E-7
0.24                      6.263726237558738E-7
0.245                     1.0284032127287117E-6
0.25                      1.6827970111752296E-6
0.255                     2.7439058991529496E-6
0.26                      4.457636466673626E-6
0.265                     7.213797354965308E-6
0.27                      1.1627061996647149E-5
0.275                     1.8661329467073526E-5
0.28                      2.9819356584012494E-5
0.28500000000000003       4.74296890506015E-5
0.29                      7.507726132494409E-5
0.295                     1.1824398070251397E-4
0.3                       1.8525287739949088E-4
0.305                     2.886459601254491E-4
0.31                      4.471738579157837E-4
0.315                     6.8863660018939E-4
0.32                      0.0010538908321096534
0.325                     0.001602429420899593
0.33                      0.002420042525741165
0.335                     0.003629178948067226
0.34                      0.0054027320413105664
0.34500000000000003       0.007982058120241687
0.35000000000000003       0.011700071829604374
0.355                     0.01701021879904509
0.36                      0.024521960667781926
0.365                     0.03504307738437999
0.37                      0.04962855599246457
0.375                     0.06963506642091624
0.38                      0.09677902123967015
0.385                     0.13319501505512552
0.39                      0.18149012750929316
0.395                     0.24478829402831084
0.4                       0.32675789213992257
0.405                     0.4316150800952519
0.41000000000000003       0.5640954781926304
0.41500000000000004       0.7293876775689047
0.42                      0.9330238868350175
0.425                     1.1807257568216047
0.43                      1.4782069001211509
0.435                     1.8309375663903809
0.44                      2.2438809778675117
0.445                     2.7212145585049696
0.45                      3.266052295128619
0.455                     3.8801863912987287
0.46                      4.563866943940806
0.465                     5.315637435850883
0.47000000000000003       6.1322413741938755
0.47500000000000003       7.008611536228154
0.48                      7.93794826282814
0.485                     8.911887438158526
0.49                      9.920752666908895
0.495                     10.953880212925446
0.5                       12
