0                         2.0711411380600524E-17
0.001                     2.078186455922028E-17
0.002                     2.0993970594797496E-17
0.003                     2.134987037605842E-17
0.004                     2.1853171359103755E-17
0.005                     2.2508980950101825E-17
0.006                     2.332396317597761E-17
0.007                     2.4306413042203834E-17
0.008                     2.5466349220473084E-17
0.009000000000000001      2.6815626106488753E-17
0.01                      2.836806653966243E-17
0.011                     3.0139616722964584E-17
0.012                     3.214852514155316E-17
0.013000000000000001      3.441554755924449E-17
0.014                     3.696418047647594E-17
0.015                     3.9820925765973695E-17
0.016                     4.301558956689423E-17
0.017                     4.658161891909008E-17
0.018000000000000002      5.055648006111434E-17
0.019                     5.498208280384933E-17
0.02                      5.990525593199874E-17
0.021                     6.537827918450868E-17
0.022                     7.145947802936033E-17
0.023                     7.821388818596033E-17
0.024                     8.571399766826309E-17
0.025                     9.404057503349613E-17
0.026000000000000002      1.0328359353568785E-16
0.027                     1.1354326201212165E-16
0.028                     1.2493117458769458E-16
0.029                     1.3757159268180564E-16
0.03                      1.5160287436137488E-16
0.031                     1.6717906782031607E-16
0.032                     1.8447168770078412E-16
0.033                     2.0367169512763183E-16
0.034                     2.249917047302214E-16
0.035                     2.4866844460339065E-16
0.036000000000000004      2.749654981436059E-16
0.037                     3.0417636002233384E-16
0.038                     3.36627842265702E-16
0.039                     3.726838705412772E-16
0.04                      4.127497153580423E-16
0.041                     4.57276708018615E-16
0.042                     5.067674968839727E-16
0.043000000000000003      5.617819058877563E-16
0.044                     6.229434643447535E-16
0.045                     6.909466850200285E-16
0.046                     7.665651762545852E-16
0.047                     8.50660683784273E-16
0.048                     9.441931688564894E-16
0.049                     1.0482320414730444E-15
0.05                      1.1639686812108081E-15
0.051000000000000004      1.292730393254433E-15
0.052000000000000005      1.4359959641955828E-15
0.053                     1.5954130010092027E-15
0.054                     1.772817257630305E-15
0.055                     1.9702541769707623E-15
0.056                     2.190002902308722E-15
0.057                     2.434603041058792E-15
0.058                     2.706884496329094E-15
0.059000000000000004      3.010000717770116E-15
0.06                      3.3474657634417602E-15
0.061                     3.723195609238261E-15
0.062                     4.1415541923384745E-15
0.063                     4.607404730773458E-15
0.064                     5.126166923171761E-15
0.065                     5.703880701777001E-15
0.066                     6.347277288734733E-15
0.067                     7.063858391310149E-15
0.068                     7.86198446711944E-15
0.069                     8.750973096743297E-15
0.07                      9.741208619472698E-15
0.07100000000000001       1.0844264319786995E-14
0.07200000000000001       1.2073038599008206E-14
0.073                     1.3441906730111928E-14
0.074                     1.4966889975794317E-14
0.075                     1.6665844052698515E-14
0.076                     1.8558669150533352E-14
0.077                     2.066754396627397E-14
0.078                     2.301718649361409E-14
0.079                     2.5635144619564554E-14
0.08                      2.855211992714523E-14
0.081                     3.180232848948213E-14
0.082                     3.542390287073198E-14
0.083                     3.94593400280405E-14
0.084                     4.395600034168127E-14
0.085                     4.896666359371388E-14
0.08600000000000001       5.4550148375720045E-14
0.08700000000000001       6.077200214096254E-14
0.088                     6.770526993403754E-14
0.089                     7.543135074107459E-14
0.09                      8.404095141612471E-14
0.091                     9.363514926608549E-14
0.092                     1.0432657563011441E-13
0.093                     1.1624073418420796E-13
0.094                     1.295174692532582E-13
0.095                     1.443126011389964E-13
0.096                     1.6079974739229327E-13
0.097                     1.7917235109397673E-13
0.098                     1.99645939583714E-13
0.099                     2.2246063971833342E-13
0.1                       2.478839786789162E-13
0.101                     2.762140026130738E-13
0.10200000000000001       3.0778274903164726E-13
0.10300000000000001       3.429601129183424E-13
0.10400000000000001       3.821581510016717E-13
0.105                     4.2583587363120357E-13
0.106                     4.745045792501769E-13
0.107                     5.287337926258353E-13
0.108                     5.891578748560145E-13
0.109                     6.564833807916705E-13
0.11                      7.314972479847247E-13
0.111                     8.150759106825997E-13
0.112                     9.081954428491773E-13
0.113                     1.0119428458121034E-12
0.114                     1.1275286090464641E-12
0.115                     1.2563006869469837E-12
0.116                     1.399760050372623E-12
0.117                     1.5595779894436028E-12
0.11800000000000001       1.73761536372526E-12
0.11900000000000001       1.9359440177607417E-12
0.12                      2.1568706041536747E-12
0.121                     2.402963083316765E-12
0.122                     2.6770801988856797E-12
0.123                     2.9824042609744087E-12
0.124                     3.3224776062778105E-12
0.125                     3.70124314490864E-12
0.126                     4.1230894492312584E-12
0.127                     4.592900890312106E-12
0.128                     5.11611338349023E-12
0.129                     5.698776366580013E-12
0.13                      6.347621703018369E-12
0.131                     7.070140278596233E-12
0.132                     7.874667145085567E-12
0.133                     8.770476157990758E-12
0.134                     9.767885159817764E-12
0.135                     1.0878372875771752E-11
0.136                     1.2114708816889671E-11
0.137                     1.3491097627643619E-11
0.138                     1.5023339472513624E-11
0.139                     1.672900823058448E-11
0.14                      1.8627649460706008E-11
0.14100000000000001       2.0741000314200016E-11
0.14200000000000002       2.3093233809746382E-11
0.14300000000000002       2.571123014841726E-11
0.14400000000000002       2.8624878038598993E-11
0.145                     3.18674093237813E-11
0.146                     3.547577056425598E-11
0.147                     3.949103562036167E-11
0.148                     4.395886372413786E-11
0.149                     4.8930008012629604E-11
0.15                      5.446088003462495E-11
0.151                     6.061417633882904E-11
0.152                     6.745957391148296E-11
0.153                     7.507450196196539E-11
0.154                     8.354499836340153E-11
0.155                     9.296665994996647E-11
0.156                     1.0344569686246814E-10
0.157                     1.1510010222893298E-10
0.158                     1.280609496783375E-10
0.159                     1.424738325254976E-10
0.16                      1.5850045994689555E-10
0.161                     1.7632042710568268E-10
0.162                     1.9613317799560794E-10
0.163                     2.1816018177617823E-10
0.164                     2.426473455848196E-10
0.165                     2.6986768925807045E-10
0.166                     3.001243100970003E-10
0.167                     3.337536687986933E-10
0.168                     3.711292309750229E-10
0.169                     4.126655023243292E-10
0.17                      4.5882249954647237E-10
0.171                     5.101107035361792E-10
0.17200000000000001       5.670965462966329E-10
0.17300000000000001       6.304084884322715E-10
0.17400000000000002       7.00743750058813E-10
0.17500000000000002       7.788757645669921E-10
0.176                     8.656624319574182E-10
0.177                     9.62055256496719E-10
0.178                     1.0691094623058782E-9
0.179                     1.1879951902644845E-9
0.18                      1.3200098903912639E-9
0.181                     1.466592035743365E-9
0.182                     1.629336296975403E-9
0.183                     1.8100103311365715E-9
0.184                     2.010573354194284E-9
0.185                     2.23319668430324E-9
0.186                     2.4802864621511294E-9
0.187                     2.7545087759839515E-9
0.188                     3.058817442339902E-9
0.189                     3.396484719314496E-9
0.19                      3.771135257575356E-9
0.191                     4.186783625599942E-9
0.192                     4.6478757800047986E-9
0.193                     5.15933488967938E-9
0.194                     5.726611964069475E-9
0.195                     6.355741781744717E-9
0.196                     7.053404665737891E-9
0.197                     7.826994707504063E-9
0.198                     8.684695102202036E-9
0.199                     9.63556132488042E-9
0.2                       1.0689612950638342E-8
0.201                     1.1857935002562578E-8
0.202                     1.3152789799915126E-8
0.203                     1.4587740376418508E-8
0.20400000000000001       1.617778664539175E-8
0.20500000000000002       1.7939515605837184E-8
0.20600000000000002       1.9891267012357703E-8
0.20700000000000002       2.2053316073080934E-8
0.20800000000000002       2.444807489476216E-8
0.209                     2.710031456422208E-8
0.21                      3.003740994165886E-8
0.211                     3.3289609445685834E-8
0.212                     3.689033233386964E-8
0.213                     4.0876496227891674E-8
0.214                     4.528887790122609E-8
0.215                     5.017251064157832E-8
0.216                     5.557712182261956E-8
0.217                     6.155761467234859E-8
0.218                     6.81745986115075E-8
0.219                     7.549497295790274E-8
0.22                      8.359256925454642E-8
0.221                     9.25488579848175E-8
0.222                     1.0245372599025064E-7
0.223                     1.1340633151032422E-7
0.224                     1.2551604442334198E-7
0.225                     1.3890347998816587E-7
0.226                     1.537016351735827E-7
0.227                     1.7005713752134348E-7
0.228                     1.8813161742675722E-7
0.229                     2.081032157440623E-7
0.23                      2.3016823974009066E-7
0.231                     2.545429816370784E-7
0.232                     2.814657153126104E-7
0.233                     3.111988881710795E-7
0.234                     3.440315267769246E-7
0.23500000000000001       3.8028187655635357E-7
0.23600000000000002       4.203002977432001E-7
0.23700000000000002       4.644724417788959E-7
0.23800000000000002       5.132227345902112E-7
0.23900000000000002       5.670181955763939E-7
0.24                      6.263726237558738E-7
0.241                     6.918511853691673E-7
0.242                     7.64075440327823E-7
0.243                     8.437288482594873E-7
0.244                     9.315627985480312E-7
0.245                     1.0284032127287117E-6
0.246                     1.1351577718965757E-6
0.247                     1.2528238264487612E-6
0.248                     1.3824970505370157E-6
0.249                     1.5253809090866042E-6
0.25                      1.6827970111752296E-6
0.251                     1.8561964299962462E-6
0.252                     2.0471720765925233E-6
0.253                     2.2574722220816224E-6
0.254                     2.4890152712432706E-6
0.255                     2.7439058991529496E-6
0.256                     3.024452672070768E-6
0.257                     3.333187284085519E-6
0.258                     3.672885552126954E-6
0.259                     4.046590323954583E-6
0.26                      4.457636466673626E-6
0.261                     4.909678117285571E-6
0.262                     5.406718391825294E-6
0.263                     5.953141765845216E-6
0.264                     6.553749356461672E-6
0.265                     7.213797354965308E-6
0.266                     7.939038879207953E-6
0.267                     8.735769536709232E-6
0.268                     9.610877012779662E-6
0.269                     1.0571895023040422E-5
0.27                      1.1627061996647149E-5
0.271                     1.2785384885415306E-5
0.272                     1.4056708525023281E-5
0.273                     1.545179100766823E-5
0.274                     1.698238556110688E-5
0.275                     1.8661329467073526E-5
0.276                     2.0502640592781E-5
0.277                     2.2521622152736298E-5
0.278                     2.47349763646028E-5
0.279                     2.7160927712488723E-5
0.28                      2.9819356584012494E-5
0.281                     3.273194410397353E-5
0.28200000000000003       3.592232904763239E-5
0.28300000000000003       3.941627778067187E-5
0.28400000000000003       4.3241868241072925E-5
0.28500000000000003       4.74296890506015E-5
0.28600000000000003       5.201305492057848E-5
0.28700000000000003       5.702823959830764E-5
0.28800000000000003       6.251472768718833E-5
0.289                     6.851548676535988E-5
0.29                      7.507726132494409E-5
0.291                     8.225089015678072E-5
0.292                     9.009164891424551E-5
0.293                     9.865961970448016E-5
0.294                     1.0802008967641472E-4
0.295                     1.1824398070251397E-4
0.296                     1.2940831238545208E-4
0.297                     1.4159670076211616E-4
0.298                     1.548998952256532E-4
0.299                     1.6941635634188518E-4
0.3                       1.8525287739949088E-4
0.301                     2.025252527040381E-4
0.302                     2.2135899580437367E-4
0.303                     2.4189011102614585E-4
0.304                     2.6426592188141405E-4
0.305                     2.886459601254491E-4
0.306                     3.1520291944194104E-4
0.307                     3.441236779558908E-4
0.308                     3.756103939993867E-4
0.309                     4.098816797891264E-4
0.31                      4.471738579157837E-4
0.311                     4.877423057938687E-4
0.312                     5.318628934763212E-4
0.313                     5.79833520500314E-4
0.314                     6.31975757699166E-4
0.315                     6.8863660018939E-4
0.316                     7.501903380210385E-4
0.317                     8.170405512629994E-4
0.318                     8.896222365818547E-4
0.319                     9.68404072662484E-4
0.32                      0.0010538908321096534
0.321                     0.001146625947761239
0.322                     0.0012471942416341947
0.323                     0.0013562248250124217
0.324                     0.0014743941784697517
0.325                     0.001602429420899593
0.326                     0.0017411117768934815
0.327                     0.0018912802520718258
0.328                     0.002053835526219266
0.329                     0.0022297440743118398
0.33                      0.002420042525741165
0.331                     0.002625842272239134
0.332                     0.0028483343351824062
0.333                     0.003088794503106106
0.334                     0.0033485887503772504
0.335                     0.003629178948067226
0.336                     0.003932128878115202
0.337                     0.004259110561887164
0.338                     0.004611910914204169
0.339                     0.004992438733834182
0.34                      0.0054027320413105664
0.341                     0.00584496577475204
0.342                     0.006321459854109677
0.343                     0.006834687623951188
0.34400000000000003       0.007387284684507013
0.34500000000000003       0.007982058120241687
0.34600000000000003       0.008621996134672719
0.34700000000000003       0.009310278099533166
0.34800000000000003       0.0100502850256585
0.34900000000000003       0.010845610462168257
0.35000000000000003       0.011700071829604374
0.35100000000000003       0.012617722191675873
0.352                     0.013602862469139967
0.353                     0.014660054098119081
0.354                     0.015794132133805785
0.355                     0.01701021879904509
0.356                     0.018313737475695164
0.357                     0.019710427134958807
0.358                     0.021206357201041533
0.359                     0.022807942840528592
0.36                      0.024521960667781926
0.361                     0.026355564854438455
0.362                     0.028316303628743076
0.363                     0.030412136147977564
0.364                     0.032651449724648354
0.365                     0.03504307738437999
0.366                     0.03759631573062649
0.367                     0.04032094308836896
0.368                     0.04322723789591921
0.369                     0.04632599731080318
0.37                      0.04962855599246457
0.371                     0.053146805021216804
0.372                     0.05689321090949184
0.373                     0.06088083465800087
0.374                     0.0651233508059454
0.375                     0.06963506642091624
0.376                     0.07443093997060357
0.377                     0.07952660001493655
0.378                     0.08493836365378839
0.379                     0.09068325466194573
0.38                      0.09677902123967015
0.381                     0.10324415330388975
0.382                     0.11009789924188297
0.383                     0.11736028204626837
0.384                     0.12505211474722142
0.385                     0.13319501505512552
0.386                     0.14181141912435302
0.387                     0.15092459434659009
0.388                     0.16055865108008882
0.389                     0.1707385532194752
0.39                      0.18149012750929316
0.391                     0.19284007150333538
0.392                     0.2048159600710334
0.393                     0.21744625035177562
0.394                     0.23076028505800011
0.395                     0.24478829402831084
0.396                     0.25956139393268535
0.397                     0.27511158603311947
0.398                     0.2914717519047864
0.399                     0.3086756470249948
0.4                       0.32675789213992257
0.401                     0.34575396232229716
0.402                     0.3657001736368716
0.403                     0.3866336673347391
0.404                     0.4085923915022202
0.405                     0.4316150800952519
0.406                     0.45574122929589694
0.40700000000000003       0.4810110711337696
0.40800000000000003       0.5074655443218317
0.40900000000000003       0.5351462622631319
0.41000000000000003       0.5640954781926304
0.41100000000000003       0.5943560474262366
0.41200000000000003       0.6259713866976098
0.41300000000000003       0.6589854305720214
0.41400000000000003       0.6934425849357505
0.41500000000000004       0.7293876775689047
0.41600000000000004       0.7668659058193367
0.417                     0.8059227814053196
0.418                     0.8466040723848803
0.419                     0.8889557423400625
0.42                      0.9330238868350175
0.421                     0.9788546672173969
0.422                     1.0264942418432743
0.423                     1.0759886948165507
0.424                     1.1273839623444795
0.425                     1.1807257568216047
0.426                     1.236059488764889
0.427                     1.2934301867331637
0.428                     1.3528824153742114
0.429                     1.414460191752613
0.43                      1.4782069001211509
0.431                     1.544165205307799
0.432                     1.6123769648991841
0.433                     1.6828831404098887
0.434                     1.7557237076349472
0.435                     1.8309375663903809
0.436                     1.9085624498535976
0.437                     1.9886348337218247
0.438                     2.0711898454125706
0.439                     2.1562611735352406
0.44                      2.2438809778675117
0.441                     2.3340798000738783
0.442                     2.4268864754068407
0.443                     2.522328045633583
0.444                     2.6204296734325196
0.445                     2.7212145585049696
0.446                     2.824703855647211
0.447                     2.9309165950273717
0.448                     3.039869604910136
0.449                     3.151577437069736
0.45                      3.266052295128619
0.451                     3.383303966055129
0.452                     3.5033397550486898
0.453                     3.6261644240354607
0.454                     3.7517801339909194
0.455                     3.8801863912987287
0.456                     4.0113799983472544
0.457                     4.14535500855645
0.458                     4.282102686018314
0.459                     4.421611469924126
0.46                      4.563866943940806
0.461                     4.708851810687336
0.462                     4.856545871450128
0.463                     5.006926011263568
0.464                     5.1599661894689115
0.465                     5.315637435850883
0.466                     5.4739078524373666
0.467                     5.634742621032907
0.468                     5.79810401654191
0.46900000000000003       5.9639514261221755
0.47000000000000003       6.1322413741938755
0.47100000000000003       6.302927553313327
0.47200000000000003       6.475960860905018
0.47300000000000003       6.651289441829363
0.47400000000000003       6.828858736747479
0.47500000000000003       7.008611536228154
0.47600000000000003       7.1904880405261045
0.47700000000000004       7.374425924944682
0.47800000000000004       7.560360410680241
0.47900000000000004       7.748224341029793
0.48                      7.93794826282814
0.481                     8.129460512965741
0.482                     8.322687309823404
0.483                     8.517552849446217
0.484                     8.713979406264778
0.485                     8.911887438158526
0.486                     9.111195695643408
0.487                     9.311821334953608
0.488                     9.51368003477585
0.489                     9.716686116383652
0.49                      9.920752666908895
0.491                     10.125791665478705
0.492                     10.331714111937126
0.493                     10.53843015786323
0.494                     10.745849239590372
0.495                     10.953880212925446
0.496                     11.162431489261813
0.497                     11.371411172775263
0.498                     11.580727198389374
0.499                     11.790287470194075
0.5                       12
