0                         1.5262104365605755E-17
0.005                     1.6604600040011172E-17
0.01                      2.1003753689289476E-17
0.015                     2.962812461315715E-17
0.02                      4.480908770381249E-17
0.025                     7.072343657927789E-17
0.03                      1.1463098654742102E-16
0.035                     1.8904182847589786E-16
0.04                      3.154763802705314E-16
0.045                     5.309717837996201E-16
0.05                      8.993346229404277E-16
0.055                     1.5306034872571748E-15
0.06                      2.6147162433229435E-15
0.065                     4.479753933026915E-15
0.07                      7.69269794017594E-15
0.075                     1.3233702190872597E-14
0.08                      2.279742921298733E-14
0.085                     3.9313874150974486E-14
0.09                      6.784806114204987E-14
0.095                     1.1715320273398305E-13
0.1                       2.023498850226736E-13
0.105                     3.4954358728297747E-13
0.11                      6.037750578986536E-13
0.115                     1.0426942513292585E-12
0.12                      1.8000502115900096E-12
0.125                     3.105990970016359E-12
0.13                      5.3561061277385156E-12
0.135                     9.229533381674399E-12
0.14                      1.589066864970406E-11
0.145                     2.7333064945810574E-11
0.15                      4.69646728522176E-11
0.155                     8.060184548524455E-11
0.16                      1.3815411389132922E-10
0.165                     2.3647351058629955E-10
0.17                      4.041622218735747E-10
0.17500000000000002       6.896646479247714E-10
0.18                      1.1748524425056544E-9
0.185                     1.9977690482425306E-9
0.19                      3.3905999477037452E-9
0.195                     5.742869176334969E-9
0.2                       9.706286281621712E-9
0.20500000000000002       1.636810996966399E-8
0.21                      2.753679029701821E-8
0.215                     4.62108548359227E-8
0.22                      7.734557685153832E-8
0.225                     1.2910136986434784E-7
0.23                      2.1486776201135172E-7
0.23500000000000001       3.565297672994362E-7
0.24                      5.897138591285375E-7
0.245                     9.72170452885225E-7
0.25                      1.5970963547810758E-6
0.255                     2.614188600422183E-6
0.26                      4.2627176990281365E-6
0.265                     6.923154256145775E-6
0.27                      1.1197219640823747E-5
0.275                     1.8031134650944018E-5
0.28                      2.890396052354607E-5
0.28500000000000003       4.611313352538134E-5
0.29                      7.32037189993933E-5
0.295                     1.1560797800896469E-4
0.3                       1.815892719123817E-4
0.305                     2.836210973920105E-4
0.31                      4.4038022544192466E-4
0.315                     6.795944249958449E-4
0.32                      0.001042061365844477
0.325                     0.0015872459551112624
0.33                      0.0024009661713464856
0.335                     0.0036057864178819267
0.34                      0.005374841439718632
0.34500000000000003       0.00794989529573937
0.35000000000000003       0.011664473427628464
0.355                     0.01697285827346579
0.36                      0.02448557030391709
0.365                     0.03501162403920742
0.37                      0.04960731338513479
0.375                     0.0696305166061845
0.38                      0.09679851782913973
0.385                     0.13324615654004218
0.39                      0.1815798249211108
0.395                     0.24492157362685063
0.4                       0.32693654538861505
0.405                     0.43183634738010046
0.41000000000000003       0.5643510110563604
0.41500000000000004       0.7296630458629283
0.42                      0.9332988651078274
0.425                     1.1809755319452049
0.43                      1.4784041984605412
0.435                     1.8310555284739385
0.44                      2.243896447202075
0.445                     2.7211113363276205
0.45                      3.2658238732341873
0.455                     3.879837722655823
0.46                      4.563414937938126
0.465                     5.315110046946135
0.47000000000000003       6.131675354496808
0.47500000000000003       7.008049107658865
0.48                      7.937433103079612
0.485                     8.911460449137921
0.49                      9.920448001295894
0.495                     10.953721983047688
0.5                       12
